Agent_based_uniform 2 0.812 7.9 3.048
Agent_based_uniform 3 1.646 0.216 16.376 0.176 5.463 10.465 17.601
Agent_based_uniform 4 0.045 13.598 13.435 5.04 1.598 17.167 6.131 5.893 7.55 13.032 2.582 6.844 10.221 16.375 20.898
Agent_based_uniform 5 2.833 13.331 3.445 0.723 3.363 17.594 9.429 5.181 8.695 8.47 4.12 9.649 12.498 14.179 30.162 0.24 1.51 14.846 15.592 2.563 2.669 13.299 5.027 4.597 8.602 12.489 15.14 8.955 13.634 16.385 23.013
Agent_based_uniform 6 2.777 0.495 14.587 1.495 6.103 4.524 12.412 8.2 4.073 2.223 7.898 9.328 9.119 19.735 25.575 0.119 1.367 2.918 7.793 2.103 0.581 3.977 3.678 0.636 9.094 14.224 20.184 7.442 7.686 13.443 25.416 11.382 6.913 19.526 24.112 12.676 21.402 22.66 19.219 24.443 6.989 19.843 23.218 16.76 17.471 25.931 25.202 3.264 0.627 19.013 22.256 11.315 17.762 21.039 31.064 8.714 19.66 14.678 29.145 17.787 8.875 32.938 30.557
Agent_based_uniform 7 0.103 14.164 2.906 3.192 7.602 7.727 12.46 1.716 8.226 3.164 14.699 10.237 12.536 17.967 27.651 0.132 3.185 14.299 7.827 2.56 2.713 4.775 9.382 6.124 2.301 12.944 20.512 9.933 12.366 23.233 24.151 5.927 6.769 23.601 32.204 4.801 18.916 19.256 16.166 18.826 9.141 24.625 24.709 6.655 20.614 19.582 20.214 0.15 11.976 31.563 8.307 14.023 15.109 28.485 18.858 20.922 16.875 20.573 34.236 27.404 30.078 27.172 39.755 12.086 17.25 2.939 22.879 12.074 7.011 21.862 24.233 12.916 18.077 23.778 11.228 14.58 21.925 16.275 9.798 16.896 5.522 16.29 12.617 3.433 6.552 15.617 14.646 18.861 11.017 18.492 22.484 13.072 22.52 23.915 38.56 15.117 12.286 32.177 29.467 36.37 18.736 25.481 27.123 15.502 19.941 25.423 53.156 28.71 32.118 49.003 34.641 13.916 15.048 24.041 29.612 26.508 35.302 38.755 28.121 13.401 32.747 28.487 39.164 34.244 29.379 54.88 46.981
Agent_based_normal 2 1.544 7.383 8.934
Agent_based_normal 3 1.538 7.401 8.931 2.639 4.204 10.061 11.573
Agent_based_normal 4 1.549 7.385 8.941 2.625 4.198 10.049 11.575 5.348 6.86 12.755 14.293 7.937 9.455 15.359 16.909
Agent_based_normal 5 1.537 7.393 8.949 2.661 4.202 10.038 11.559 5.334 6.893 12.756 14.266 7.973 9.499 15.364 16.849 0.154 1.675 7.554 9.082 2.774 4.327 10.21 11.684 5.48 7.07 12.886 14.407 8.116 9.688 15.517 17.063
Agent_based_normal 6 1.549 7.385 8.941 2.625 4.198 10.049 11.575 5.348 6.86 12.755 14.293 7.937 9.455 15.359 16.909 0.136 1.681 7.534 9.103 2.77 4.31 10.196 11.74 5.478 7.033 12.893 14.428 8.093 9.675 15.521 17.023 9.206 10.698 16.585 18.117 11.822 13.364 19.203 20.737 14.517 16.078 21.928 23.491 17.141 18.717 24.548 26.054 9.351 10.896 16.724 18.272 11.98 13.495 19.343 20.921 14.655 16.198 22.041 23.609 17.276 18.831 24.71 26.193
Agent_based_normal 7 1.537 7.393 8.949 2.661 4.202 10.038 11.559 5.334 6.893 12.756 14.266 7.973 9.499 15.364 16.849 0.154 1.675 7.554 9.082 2.774 4.327 10.21 11.684 5.48 7.07 12.886 14.407 8.116 9.688 15.517 17.063 9.199 10.72 16.598 18.117 11.813 13.387 19.2 20.742 14.508 16.062 21.933 23.464 17.168 18.703 24.559 26.079 9.343 10.89 16.734 18.274 11.975 13.545 19.354 20.892 14.67 16.207 22.077 23.593 17.3 18.822 24.699 26.233 9.0 10.546 16.397 17.936 11.634 13.174 19.079 20.589 14.341 15.869 21.766 23.266 16.972 18.544 24.349 25.934 9.148 10.684 16.584 18.088 11.785 13.302 19.171 20.776 14.496 16.044 21.861 23.415 17.088 18.64 24.519 26.094 18.202 19.764 25.615 27.158 20.829 22.372 28.245 29.753 23.54 25.052 30.928 32.518 26.159 27.69 33.598 35.104 18.318 19.883 25.74 27.251 20.964 22.532 28.381 29.899 23.711 25.24 31.081 32.613 26.297 27.859 33.728 35.26
Modified_uniform_distribution 2 2.633 0.146 19.685
Modified_uniform_distribution 3 6.066 9.187 0.668 15.564 12.122 17.168 15.637
Modified_uniform_distribution 4 0.146 10.678 25.999 2.838 18.885 0.045 16.561 15.717 16.332 8.518 9.297 9.425 8.688 37.457 13.386
Modified_uniform_distribution 5 9.187 0.334 16.936 6.061 17.168 10.425 14.561 1.607 7.177 17.82 20.144 30.803 21.994 26.559 39.122 9.503 16.5 9.026 38.732 19.252 12.722 11.212 5.62 14.65 15.846 9.377 20.93 1.447 37.821 11.085 24.637
Modified_uniform_distribution 6 10.678 16.43 5.677 9.442 0.045 11.041 31.08 8.686 8.518 6.198 14.137 5.792 37.457 10.039 24.983 7.675 8.133 8.013 5.327 8.385 32.581 15.724 3.371 14.119 20.048 1.651 19.066 17.172 18.4 25.667 25.328 8.947 12.067 9.601 6.255 1.469 0.935 19.122 37.666 13.399 34.712 24.157 38.297 28.397 27.722 36.004 0.295 7.704 18.324 12.862 32.029 16.371 15.098 45.515 20.951 32.041 37.911 7.668 52.033 4.379 6.319 14.506 42.955
Modified_uniform_distribution 7 0.334 15.564 12.122 8.64 10.425 9.708 4.822 6.969 17.82 13.429 38.964 14.663 26.559 29.342 38.013 8.25 9.026 28.781 28.878 8.481 11.212 5.269 29.301 15.567 9.377 15.697 1.929 29.786 11.085 19.709 23.072 6.058 8.877 28.194 32.011 13.461 19.958 25.874 17.825 18.487 25.651 8.744 16.238 25.716 0.132 37.09 51.407 11.915 33.603 2.096 46.191 25.19 16.114 8.086 32.398 10.015 15.003 16.104 18.165 43.546 44.756 31.326 21.836 12.223 0.682 16.181 9.47 17.472 20.937 7.253 21.758 14.848 27.241 22.398 30.721 46.889 13.738 25.403 28.722 18.998 15.816 12.568 23.334 9.659 38.767 28.932 47.469 29.029 36.292 36.216 49.404 25.194 12.991 41.34 25.469 18.92 20.128 36.526 1.051 23.458 20.876 23.85 9.017 4.618 34.35 30.457 42.861 21.824 25.753 39.415 2.504 3.846 11.661 3.894 23.704 22.525 55.198 21.999 11.169 4.505 66.517 9.02 39.644 23.771 47.305 24.659 9.998
Normal_distribution 2 10.002 9.983 20.008
Normal_distribution 3 9.997 10.0 19.996 9.993 20.006 20.001 30.027
Normal_distribution 4 10.008 9.985 20.0 9.999 19.992 20.029 29.994 10.005 20.011 19.988 30.013 19.999 30.01 29.991 39.99
Normal_distribution 5 9.996 9.993 20.006 10.001 20.027 20.011 30.016 9.999 20.005 19.994 29.997 19.993 29.997 30.02 39.994 10.009 20.009 20.01 29.988 19.988 30.001 30.002 39.997 20.012 29.978 29.989 39.999 30.005 39.988 39.976 49.994
Normal_distribution 6 10.008 9.985 20.0 9.999 19.992 20.029 29.994 10.005 20.011 19.988 30.013 19.999 30.01 29.991 39.99 10.012 20.005 20.001 30.006 20.005 29.988 29.978 39.983 19.982 29.978 29.994 39.995 30.0 40.002 39.996 49.997 10.001 19.99 19.993 30.0 19.993 29.994 29.999 40.013 20.003 29.997 29.994 39.999 30.022 39.969 40.005 50.002 20.009 29.989 30.021 40.01 29.999 40.002 39.993 50.001 29.999 40.009 40.004 49.999 40.007 50.006 50.002 59.985
Normal_distribution 7 9.996 9.993 20.006 10.001 20.027 20.011 30.016 9.999 20.005 19.994 29.997 19.993 29.997 30.02 39.994 10.009 20.009 20.01 29.988 19.988 30.001 30.002 39.997 20.012 29.978 29.989 39.999 30.005 39.988 39.976 49.994 9.978 20.008 20.014 29.975 20.007 30.001 29.994 39.998 20.002 30.009 29.987 40.027 29.971 40.01 39.999 50.015 20.016 29.99 29.973 39.998 30.003 39.996 40.001 50.012 30.014 40.019 39.994 50.002 40.007 49.988 49.988 60.006 9.999 20.004 20.008 29.987 20.016 30.017 30.014 39.984 20.009 29.995 29.987 40.009 29.998 39.996 39.987 50.002 20.022 30.011 29.993 39.997 29.997 40.013 39.995 49.995 29.997 39.984 40.008 50.015 40.012 49.998 49.994 59.99 19.995 29.992 30.002 39.995 29.991 39.999 39.984 49.977 30.011 40.008 40.013 49.991 40.004 50.007 50.013 59.991 29.985 40.011 39.984 50.014 40.004 50.001 50.002 59.997 39.995 50.018 49.989 59.998 49.992 59.987 60.001 69.997
SVA_BETA_distribution 2 200.196 0.0 201.997
SVA_BETA_distribution 3 200.999 0.001 200.379 1.0 200.943 0.571 200.127
SVA_BETA_distribution 4 200.0 0.999 201.96 0.18 200.0 1.128 202.874 0.999 201.15 0.351 200.75 0.27 202.464 1.344 200.132
SVA_BETA_distribution 5 200.001 0.189 202.0 0.471 200.571 0.085 200.069 0.123 201.34 1.776 201.468 1.609 201.678 1.368 201.568 0.148 201.14 0.017 202.825 1.225 200.021 2.941 200.629 0.972 201.506 1.383 203.791 2.982 203.989 2.086 201.534
SVA_BETA_distribution 6 200.999 0.98 200.36 0.0 201.128 1.916 202.998 0.575 200.351 0.5 200.405 1.643 201.344 0.099 201.977 0.606 201.989 0.026 202.994 1.298 200.033 2.96 201.347 0.288 201.887 1.64 202.595 0.139 200.06 0.009 203.933 0.546 202.0 0.0 200.885 1.018 202.857 1.382 201.87 1.901 200.885 2.104 203.882 0.555 203.623 0.055 200.209 0.353 202.969 1.59 203.992 0.001 200.268 3.866 203.16 1.347 200.919 1.952 200.192 3.289 202.508 2.481 200.003
SVA_BETA_distribution 7 200.001 0.189 202.0 0.471 200.571 0.085 200.069 0.123 201.34 1.776 201.468 1.609 201.678 1.368 201.568 0.148 201.14 0.017 202.825 1.225 200.021 2.941 200.629 0.972 201.506 1.383 203.791 2.982 203.989 2.086 201.534 0.505 200.0 2.0 202.208 0.975 202.36 0.023 203.825 0.475 200.515 0.566 202.464 0.466 201.332 0.83 204.216 1.964 202.439 1.423 200.14 2.342 201.481 3.921 201.117 0.586 202.571 2.283 204.756 2.301 201.932 1.193 205.997 0.353 200.363 0.61 200.169 1.817 202.99 2.945 201.588 0.284 202.147 1.17 203.919 0.004 203.899 2.056 202.847 0.174 200.134 0.925 202.758 1.162 202.638 0.017 200.26 0.332 200.047 3.481 204.835 3.222 204.538 0.569 200.308 0.096 201.611 0.331 202.439 1.467 200.148 0.516 204.954 1.356 203.648 3.289 202.525 0.938 202.777 4.979 201.05 0.815 200.134 0.135 203.472 3.709 202.931 4.524 200.573 0.878 200.182 1.526 205.664 4.423 203.32 5.835 204.323
Weibull_distribution 2 0.306 0.763 0.348
Weibull_distribution 3 0.763 0.015 1.259 2.31 0.429 1.332 0.808
Weibull_distribution 4 0.015 2.51 1.233 0.034 1.332 0.62 0.885 0.932 1.303 1.176 0.508 0.926 0.976 0.956 1.024
Weibull_distribution 5 2.51 2.31 0.429 3.145 0.62 0.76 0.992 2.886 1.176 0.218 0.967 0.947 0.956 1.043 0.897 1.446 0.381 0.617 0.793 0.78 1.012 0.951 1.033 0.765 1.031 1.022 0.944 0.905 1.087 0.999 1.045
Weibull_distribution 6 2.31 0.034 1.332 0.148 0.76 0.982 1.125 1.916 0.218 0.926 0.976 0.903 1.043 0.824 1.023 0.021 0.617 0.593 0.896 1.027 0.951 1.06 0.935 1.072 1.022 0.902 0.945 1.161 0.999 1.071 1.015 1.743 0.85 0.88 0.928 1.519 0.834 1.141 0.963 0.862 0.949 0.919 0.971 0.691 0.859 1.017 1.0 0.41 0.892 0.857 0.836 0.967 0.962 0.829 0.994 1.056 0.876 0.932 1.001 0.976 0.986 0.981 1.023
Weibull_distribution 7 0.034 3.145 0.62 0.334 0.982 1.303 1.075 0.002 0.926 0.947 0.956 1.1 0.824 1.042 0.786 0.145 0.593 0.78 1.012 0.893 1.06 0.888 1.018 1.049 0.902 0.905 1.087 0.998 1.071 1.024 1.022 0.522 0.88 0.846 1.204 0.665 1.141 0.934 0.964 0.888 0.919 0.949 0.812 0.763 1.017 1.001 0.867 0.773 0.857 0.727 0.981 0.934 0.829 0.99 1.02 0.791 0.932 1.002 0.985 0.979 0.981 1.033 0.998 0.925 0.875 0.899 1.091 0.695 1.125 0.751 0.994 0.422 1.01 1.002 1.044 1.123 0.968 1.006 1.039 0.991 0.901 0.899 0.936 1.136 0.96 1.069 1.027 1.017 0.7 1.054 1.038 0.726 1.001 0.972 0.997 0.986 0.99 0.897 0.849 1.055 1.057 0.909 0.944 0.92 0.959 1.049 0.942 0.963 1.002 0.987 0.975 1.047 0.887 0.908 0.974 1.028 0.952 0.917 1.028 0.882 0.997 0.958 1.0 1.003 0.929 0.977 0.982
Rayleigh_distribution 2 6.238 9.856 2.735
Rayleigh_distribution 3 9.856 1.367 35.755 17.149 4.161 40.024 13.005
Rayleigh_distribution 4 1.367 17.878 34.298 2.08 40.024 8.67 19.559 10.891 38.341 31.234 1.61 19.368 30.335 27.591 54.567
Rayleigh_distribution 5 17.878 17.149 4.161 20.012 8.67 13.039 32.673 19.171 31.234 1.073 29.052 20.223 27.591 40.925 18.893 13.57 3.273 8.601 11.901 13.744 35.714 27.022 58.741 13.196 38.907 37.279 28.434 21.608 88.208 44.675 97.753
Rayleigh_distribution 6 17.149 2.08 40.024 4.335 13.039 21.782 57.512 15.617 1.073 19.368 30.335 18.394 40.925 14.169 54.281 1.636 8.601 7.934 20.616 23.809 27.022 44.055 26.392 25.938 37.279 21.325 28.81 66.156 44.675 78.203 68.142 14.897 16.304 17.484 24.219 52.083 14.967 61.364 33.273 16.763 26.698 23.157 35.724 6.405 13.392 51.831 56.733 3.797 20.224 16.911 10.737 29.135 33.121 10.034 52.003 43.181 15.674 25.712 57.157 37.185 47.417 44.383 101.585
Rayleigh_distribution 7 2.08 20.012 8.67 6.52 21.782 38.341 46.851 0.537 19.368 20.223 27.591 27.283 14.169 40.71 6.545 4.301 7.934 13.744 35.714 18.015 44.055 19.794 51.876 24.853 21.325 21.608 88.208 33.506 78.203 54.514 74.486 8.152 17.484 16.146 78.125 9.978 61.364 24.955 33.526 17.799 23.157 26.793 8.54 10.044 51.831 45.386 9.492 13.482 16.911 8.053 38.847 24.841 10.034 41.602 71.969 11.755 25.712 45.725 46.481 37.934 44.383 84.654 65.32 10.851 17.287 18.251 50.133 10.913 57.576 9.351 42.92 4.015 35.413 34.094 63.573 57.058 34.667 47.521 90.647 22.181 21.126 21.001 26.493 60.14 32.573 77.247 78.709 36.58 2.59 68.505 89.634 3.475 57.254 39.351 64.432 21.923 32.387 20.712 12.148 42.994 70.272 21.002 27.437 23.304 32.409 66.402 26.812 33.26 57.647 47.764 43.15 41.559 17.218 20.823 40.494 56.115 30.527 19.212 110.606 16.591 54.376 33.026 67.19 58.558 17.929 44.868 50.425
Weighted_random_with_chisquare 2 1.139 1.0 11.239
Weighted_random_with_chisquare 3 4.968 1.002 2.59 1.161 12.546 9.662 8.033
Weighted_random_with_chisquare 4 1.0 1.161 12.546 1.544 4.657 6.846 12.566 1.037 3.484 6.452 5.738 8.775 17.826 3.591 21.217
Weighted_random_with_chisquare 5 4.968 1.002 2.59 1.161 13.546 9.662 9.033 1.471 1.701 7.785 9.249 2.581 5.971 5.351 11.187 2.155 2.63 16.277 15.32 14.008 13.028 12.004 5.415 2.872 3.63 15.517 34.829 2.068 24.075 13.301 25.159
Weighted_random_with_chisquare 6 1.161 6.099 1.009 1.544 4.657 7.846 13.566 1.037 3.484 5.452 4.738 7.775 18.826 3.591 21.217 3.101 4.401 4.048 9.939 1.782 9.456 11.71 9.973 2.352 8.48 10.486 14.702 6.462 35.435 20.903 24.019 1.426 4.723 4.699 34.898 4.616 6.755 10.922 10.516 6.058 10.556 8.473 24.63 4.031 29.038 16.275 35.111 6.671 2.611 25.787 5.576 15.259 10.563 6.118 21.733 4.411 30.743 10.511 50.996 11.163 6.888 36.26 33.366
Weighted_random_with_chisquare 7 1.002 1.038 5.726 6.099 2.009 4.946 3.964 1.052 2.084 2.581 49.979 3.484 7.019 32.073 27.122 1.224 4.919 14.008 17.221 8.972 4.868 3.779 5.08 4.506 15.517 21.989 1.532 14.671 13.301 17.091 94.068 4.272 5.699 4.347 6.755 1.305 11.922 9.333 14.907 13.364 29.496 5.708 8.498 2.861 23.423 16.088 10.95 5.775 23.787 7.415 14.36 4.91 9.023 13.379 28.687 9.993 12.632 6.098 30.929 9.62 15.69 27.713 38.313 1.199 10.273 11.757 8.494 3.524 7.638 2.869 24.007 2.646 22.29 2.33 27.001 2.541 7.026 14.726 19.241 5.856 6.132 5.315 15.189 5.951 6.098 18.031 20.202 9.584 13.989 17.856 40.06 6.78 42.474 43.879 48.26 2.107 14.265 21.663 2.931 8.422 6.724 20.372 12.008 16.488 21.483 3.423 35.766 8.723 15.091 30.164 28.615 15.917 17.533 12.037 11.97 16.857 9.324 17.522 18.884 18.482 9.651 19.355 24.568 32.537 47.011 25.348 86.613
F_distribution 2 9.445 116.727 0.206
F_distribution 3 116.727 0.056 0.213 10.579 0.038 0.253 0.577
F_distribution 4 0.0 0.015 0.206 2.689 2.213 0.048 0.057 0.056 0.619 0.333 0.418 3.989 0.021 0.111 0.979
F_distribution 5 116.727 0.056 0.213 10.579 0.038 0.253 0.577 0.567 9.125 0.865 0.225 0.207 0.485 0.038 7.995 1.139 1.365 3.033 0.266 2.102 1.613 4.989 3.224 0.774 4.331 0.039 1.655 2.375 0.288 0.243 9.116
F_distribution 6 0.056 0.819 0.839 1.515 6.081 9.869 0.171 0.769 0.023 0.117 1.055 1.135 11.276 3.322 1.926 4.47 20.768 25.317 0.0 0.309 0.018 11.863 0.531 0.19 0.722 0.175 0.0 7.424 0.069 1.501 0.703 0.669 0.11 0.001 0.325 0.35 2.193 0.005 0.955 0.61 1.297 0.258 0.346 2.505 0.249 1.324 3.318 0.161 4.425 4.421 0.057 5.153 4.473 0.429 0.172 0.044 0.061 0.336 0.549 0.504 0.012 3.454 0.47
F_distribution 7 0.015 0.056 0.213 10.579 0.038 0.253 0.577 0.567 9.125 0.865 0.225 0.207 0.485 0.038 7.995 1.139 1.365 3.033 0.266 2.102 1.613 4.989 3.224 0.774 4.331 0.039 1.655 2.375 0.288 0.243 9.116 0.44 2.64 4.85 1.196 0.796 0.125 0.071 4.499 1.763 0.244 0.152 0.338 0.03 1.337 1.515 4.439 1.955 0.135 0.664 0.378 0.023 0.243 1.63 0.04 0.106 0.086 0.39 0.089 0.172 0.071 0.001 0.075 0.598 0.0 0.115 6.07 2.194 2.949 0.509 0.385 12.09 6.808 0.003 4.889 0.439 4.403 0.261 1.168 41.499 3.211 0.852 4.608 0.704 0.108 0.203 1.964 0.6 61.505 2.504 0.53 0.109 0.033 2.713 0.81 6.826 0.024 0.003 2.276 0.038 2.951 0.525 1.067 5.385 0.12 0.008 0.045 0.052 0.936 0.004 0.224 0.048 0.268 0.008 2.757 0.145 0.42 3.689 1.02 0.047 1.058 0.012 0.199 1.338 0.632 0.245 0.01
Laplace_or_double_exponential 2 9.936 10.007 19.646
Laplace_or_double_exponential 3 10.007 9.646 20.182 10.162 19.729 20.245 29.871
Laplace_or_double_exponential 4 9.646 10.182 20.162 9.729 20.245 19.871 29.943 10.024 20.219 20.122 29.46 20.004 30.011 29.997 40.077
Laplace_or_double_exponential 5 10.182 10.162 19.729 10.245 19.871 19.943 30.024 10.219 20.122 19.46 30.004 20.011 29.997 30.077 39.887 10.075 19.682 19.869 29.854 19.952 30.042 29.994 40.1 19.945 30.063 30.052 39.958 29.96 40.313 40.029 50.231
Laplace_or_double_exponential 6 10.162 9.729 20.245 9.871 19.943 20.024 30.219 10.122 19.46 20.004 30.011 19.997 30.077 29.887 40.075 9.682 19.869 19.854 29.952 20.042 29.994 30.1 39.945 20.063 30.052 29.958 39.96 30.313 40.029 40.231 50.077 10.105 19.979 19.99 29.978 20.463 29.896 30.259 39.982 19.984 29.992 29.971 39.993 29.735 39.822 40.063 50.032 19.711 29.949 29.918 39.779 30.005 39.982 39.766 50.016 30.093 39.852 39.941 50.033 39.999 50.001 49.992 60.156
Laplace_or_double_exponential 7 9.729 10.245 19.871 9.943 20.024 20.219 30.122 9.46 20.004 20.011 29.997 20.077 29.887 30.075 39.682 9.869 19.854 19.952 30.042 19.994 30.1 29.945 40.063 20.052 29.958 29.96 40.313 30.029 40.231 40.077 50.105 9.979 19.99 19.978 30.463 19.896 30.259 29.982 39.984 19.992 29.971 29.993 39.735 29.822 40.063 40.032 49.711 19.949 29.918 29.779 40.005 29.982 39.766 40.016 50.093 29.852 39.941 40.033 49.999 40.001 49.992 50.156 60.024 10.023 19.988 19.996 30.15 19.913 30.22 29.808 40.021 19.722 30.04 30.032 40.129 30.215 39.988 40.042 50.189 20.027 29.956 29.955 39.946 30.246 39.979 40.224 50.125 30.047 39.498 40.161 50.183 39.556 50.034 49.974 60.021 20.025 30.022 29.953 39.803 30.092 40.173 39.906 49.914 29.972 39.978 40.147 49.909 39.982 50.035 50.002 59.96 30.081 39.869 39.904 49.978 40.085 49.932 49.848 60.198 39.862 50.024 49.946 60.029 50.038 59.8 59.966 69.96
